31517 Aarao 1 23 13
68 Abdenago 20 23 7
10597 Abdul 18 25 8
28276 Abel 3 23 27
24418 Abelamio 24 29 18
2039 Abelardo 19 3 28
10509 Abigail 2 12 19
3708 Abilio 2 15 8
30856 Abna 4 8 3
19978 Abraao 24 1 16
10885 Abraim 3 29 13
30275 Abrao 7 22 21
18155 Absalao 7 4 23
29436 Acacio 3 4 12
10144 acil 26 21 17
26204 Acilino 21 11 6
16032 Acilio 22 2 28
14618 Acucena 20 12 15
15816 Acursio 15 4 8
6554 Ada 10 24 7
13823 Adail 20 28 29
18675 Adalberto 4 0 21
12449 Adalgisa 4 20 21
19750 Adalia 1 20 20
7518 Adalsindo 29 8 23
6669 Adalsino 29 25 17
32745 Adamantino 4 9 15
3790 Adamastor 14 1 26
25632 Adao 20 3 12
21462 Adelaide 9 24 7
5283 Adelia 23 21 8
17824 Adelio 17 24 27
12015 Adelindo 13 19 21
15069 Adelina 8 25 26
18804 Adelino 23 1 11
10424 Adelmo 27 12 19
17221 Ademar 22 7 1
32322 Adeodato 12 14 28
21069 Aderio 28 26 14
6230 Aderito 8 8 16
19505 Adiel 16 18 23
31084 adila 29 1 10
18250 Adilia 8 5 19
3380 Adilio 8 25 10
23640 Adner 28 6 9
15865 Adolfo 2 25 19
22234 Adonai 9 10 13
4630 Adonias 18 20 3
20794 Adonilo 6 2 7
31227 Adonis 19 22 29
25377 Adorino 24 15 21
31650 Adosinda 15 28 20
31670 Adriana 20 9 10
3681 Adriano 24 11 1
3738 Adriel 7 3 17
21106 Adrien 18 29 1
12752 Adrualdo 3 13 8
27059 Adruzilo 15 3 6
31745 Afonsino 25 22 13
9064 Afonsina 28 15 23
11699 Afonso 15 10 19
31491 Afra 8 23 9
17776 Afranio 20 25 9
10817 Afre 28 8 2
24050 Africana 15 16 5
20768 Africano 29 13 22
28360 agata 6 5 3
2669 Agenor 3 18 28
2835 Agna 9 28 13
14860 Agnelo 12 3 2
22354 Agnes 13 27 17
2590 Agostinho 9 17 25
30286 agueda 21 13 10
30384 Aida 3 5 23
28326 Aide 12 7 21
928 Aires 9 13 18
21906 Airiza 9 16 11
22223 Airton 3 11 12
12492 Aitor 18 23 13
232 Aixa 8 26 13
20681 Aladino 5 22 7
20793 Alaide 0 12 15
11682 Alamiro 9 18 1
13679 Alan 17 19 17
25693 Alana 26 4 1
27713 Alano 1 15 26
8061 Alao 27 9 26
19009 Alba 4 17 10
19707 Albano 25 28 29
2672 Alberico 24 13 29
21779 Alberta 28 1 30
12368 Alberto 4 28 5
24727 Alcibiades 15 28 0
28539 Alcides 12 11 7
29337 Alcina 5 8 10
27919 Alcindo 17 24 7
30896 Alcino 18 15 23
4467 Alcione 6 17 7
20008 Aldair 16 21 13
5436 Aldara 30 3 8
20949 Aldemar 15 26 10
2620 Aldenir 21 28 27
27493 Aldenora 12 3 0
27133 Alder 1 25 4
1128 Aldo 9 27 12
15680 Aldo 24 0 25
23137 Aldonio 10 16 6
19503 Aldora 2 20 28
31394 Alegria 15 12 29
1380 Aleixa 11 19 11
32190 Aleta 22 23 30
2007 Aleu 16 17 4
32572 Alex 24 19 23
31764 Alexa 25 8 17
19114 Alexandra 6 25 19
1275 Alexandre 4 13 15
17274 Alexandrina 25 19 7
24722 Alexandrino 19 25 4
23738 Alexandro 0 8 19
5734 Alexia 27 12 24
9645 Alexina 15 17 20
12009 Alexio 16 13 14
27185 Alexis 18 3 28
32468 Alfeu 23 22 18
19240 Alfreda 26 1 7
28261 alia 11 13 21
14129 Aliana 3 1 10
9136 Alica 22 29 22
11839 Alice 10 16 30
28765 Alicia 25 27 8
20173 Alida 11 11 28
9874 Alina 25 27 21
25018 Aline 5 8 3
21966 Alipio 4 27 7
539 Alirio 26 27 28
14342 Alisande 1 12 14
10371 alison 21 19 26
6211 Alita 22 17 23
23946 Alitio 13 27 1
1935 Alito 11 6 23
13730 Alivar 29 0 21
6648 Alix 12 26 26
2166 Alma 13 7 17
29931 Almara 5 7 19
10347 Almesinda 10 19 3
318 Almira 9 9 6
17146 Almiro 27 25 1
26265 Alois 7 27 13
6390 Aloisio 9 28 10
30214 Alpoim 12 12 9
27033 Altina 21 24 15
18640 Altino 4 5 5
329 Alva 26 19 28
2481 Alvarim 2 21 28
32371 Alvarina 14 3 18
19440 Alvarino 1 16 0
7966 Alvario 23 27 27
30160 Alvino 21 8 20
14202 Alzira 6 7 2
15853 Amadeu 20 25 30
12848 Amadis 17 15 9
16583 Amado 26 5 24
3154 Amador 17 7 14
22382 Amanda 27 20 18
29141 Amandina 13 17 14
24735 Amara 11 9 17
1712 Amarildo 15 19 5
30689 Amarilio 8 21 18
2580 Amarilis 28 8 5
12889 Amaro 14 12 13
11361 Amauri 8 11 16
30576 Amavel 13 23 14
30145 Amelia 21 4 25
31618 Amelina 12 27 30
19086 America 5 9 29
21808 Americo 26 15 22
17386 Aminadabe 18 24 6
10760 Amor 11 20 1
1598 Amora 7 4 6
5532 Amorim 7 21 17
19570 Amorina 16 4 19
17996 Amorzinda 13 28 11
22044 Amos 22 27 19
25923 Ana 2 15 27
6140 Anabel 25 20 8
19320 Anabela 20 29 9
18811 Anael 4 4 4
21437 Anaice 26 23 16
32522 Anaide 6 25 25
23059 Anaim 18 23 9
16535 Anair 16 6 24
15075 Anais 5 13 13
17510 Anaisa 0 0 17
30931 Anaisa 23 10 30
31261 Analdina 23 4 21
9792 Analia 13 14 29
11970 Analice 2 17 3
22450 Analide 18 24 27
6638 Analisa 5 13 2
20162 Anamar 22 16 4
26011 Anania 16 28 19
18755 Ananias 8 27 11
3360 Anas 28 16 10
32437 Anatilde 23 27 24
5475 Andre 27 2 9
26183 Andrea 2 24 18
28486 Andreia 6 10 14
29170 Andreias 22 7 9
7902 Andreina 21 25 25
3964 Andrelina 23 10 17
21746 Andreo 15 5 2
1620 Andres 13 1 8
21965 Andresa 18 29 5
16821 andria 26 20 17
8056 Aneide 20 26 6
20588 Anesia 16 28 15
4810 Anfilito 9 20 22
28719 Anfiloco 21 28 29
15860 Angel 11 8 23
26742 angela 17 27 2
7283 Angelica 27 28 28
22819 Angelico 25 9 29
32654 Angelina 27 2 18
907 Angelita 28 23 29
11210 angelo 24 3 10
2200 ania 0 22 27
23292 Aniana 0 13 0
11544 Anicia 3 20 14
4060 Anielo 8 5 4
32123 Aniria 1 16 9
20297 Anisia 13 19 5
13454 Anisio 10 0 18
13473 Anita 16 14 20
9457 Anolido 28 27 10
16853 Anquita 9 3 2
9051 Anselmo 10 13 1
4388 Anteia 26 20 2
8172 Antelmo 10 9 2
32158 Antera 4 29 0
20250 Antero 15 21 29
16611 Antonela 26 6 22
1789 Antonelo 12 17 23
14269 Antonia 21 26 1
23558 Antonieta 19 17 4
19577 Antonina 14 23 8
8297 Antonio 14 27 27
15668 Anunciacao 28 25 29
17333 Anunciada 3 4 30
25978 Anuque 8 6 10
15486 Anusca 13 5 9
11750 Aparecida 18 1 6
13315 Aparicio 26 0 22
6559 apio 14 18 22
11303 Apolinario 13 18 6
26855 Apolo 22 28 13
23116 Aprigio 14 22 1
16675 Aquil 26 9 20
1471 Aquila 14 15 23
3574 aquila 15 8 26
28382 Aquiles 15 22 24
11372 Aquilino 7 4 13
11299 Aquira 3 22 10
14408 Arabela 2 24 2
5293 Araci 27 22 25
21742 Aradna 7 10 3
19467 Aramis 26 18 0
22152 Arao 21 14 8
24905 Arcadio 26 3 28
5453 Arcanjo 28 25 20
17306 Arcelino 4 21 12
17435 Arcelio 12 8 26
8462 Arcilio 29 29 20
11457 Ardingue 19 6 18
10291 Argemiro 27 9 13
1960 Argentina 14 12 29
11162 Argentino 0 7 25
4543 Ari 19 6 0
24207 aria 7 21 4
23256 Ariadna 16 5 14
23685 Ariadne 22 16 17
22486 Ariana 18 9 9
30988 Ariane 18 14 13
24410 Ariel 13 28 12
1100 Ariele 7 6 4
11479 Arinda 13 0 29
20552 Arine 0 27 11
9515 Ariosto 18 20 25
25997 Arisberto 29 15 1
12600 Aristides 3 16 13
2543 Aristoteles 1 3 2
26132 Arlanda 27 30 9
4730 Arlete 7 11 28
12218 Armandina 0 19 26
465 Armandino 24 12 5
6772 Armando 4 0 16
16008 Armelim 26 16 9
30794 Armenia 3 15 27
18744 Armenio 11 7 2
19263 Aron 18 1 24
22631 Arquimedes 18 25 5
25125 Arquiminio 20 1 22
12408 Arquimino 19 9 7
17735 Arsenio 13 24 6
55 Artemisa 4 29 6
14656 Artemisia 23 18 29
3783 Artur 7 23 11
4538 Aruna 20 22 19
11769 Ary 26 20 1
6887 Ascenso 3 20 7
15439 Aselio 29 28 26
22508 aser 1 16 14
7235 asia 25 12 0
1444 Assis 25 20 14
29314 Assuncao 1 13 25
3159 Assunta 16 4 26
19256 Astrid 28 13 9
8290 Astride 10 16 7
1710 Ataide 24 12 25
4321 Atanasio 18 12 13
12216 Atao 24 23 15
31954 Atenais 24 16 6
13009 atila 1 15 5
10845 atina 8 3 27
25300 Aubri 20 8 30
22798 Audete 15 13 12
24750 Aura 29 19 25
28499 aurea 22 21 29
25989 Aurelia 17 30 27
9341 Aureliana 9 28 25
11040 aureo 8 3 20
5124 Aurete 27 29 5
19613 Auriana 13 5 7
19446 Ausenda 24 29 13
2479 Ausendo 3 18 1
14249 Austrelino 26 7 8
26877 Auta 1 2 29
4392 Auxilia 27 9 9
5884 Ava 27 24 17
16393 Avelino 16 2 18
28985 Aventino 4 11 27
15826 Axel 5 4 12
18425 Azelio 21 5 21
26713 Aziz 25 2 6
24237 Azuil 1 21 2
31111 Baldemar 23 3 19
25318 Baldomero 29 19 21
7857 Banduino 10 5 9
21130 Baltasar 19 20 17
21632 Baqui 10 15 9
15505 Barac 6 9 24
10036 Barao 24 25 11
30905 Barbara 22 25 21
8716 Barbora 8 28 19
5593 Barcino 17 0 29
20180 Bartolina 13 19 6
31664 Bartolomeu 3 0 18
28386 Basilia 1 3 3
25711 Basilio 15 3 16
8461 Basilissa 8 11 25
13134 Bastiao 10 7 1
1132 Batista 9 10 10
6366 Beanina 5 7 21
9683 Beatriz 12 12 26
15110 Bebiana 21 13 15
13926 Bebiano 6 19 30
1481 Bela 20 24 13
15305 Belchior 13 8 8
13120 Belem 13 25 14
11944 Belina 5 22 5
19572 Belinda 6 25 5
25267 Belisa 18 5 8
12796 Bendavida 8 2 23
11072 Benedita 17 18 18
29319 Benedito 28 21 29
2606 Benevenuto 21 3 23
9913 Benicia 20 3 17
25284 Benicio 29 18 14
1294 Benigna 23 24 9
14495 Benilde 18 24 23
13717 Benita 28 3 3
743 Benjamim 2 22 3
27843 Benjamina 8 27 22
7785 Bento 30 14 11
19893 Benvinda 23 2 17
32073 Berardo 14 7 9
22416 Berengaria 20 22 21
26979 Berilo 13 1 11
32487 Bernadete 11 13 22
5780 Bernardete 6 16 30
23376 Bernardim 11 29 3
27785 Bernardina 1 6 14
21126 Bernardino 14 3 3
27588 Bernardo 10 19 22
13782 Bernia 29 3 27
28657 Bertila 17 30 3
11167 Bertilde 25 7 16
25030 Bertina 12 18 17
20016 Bertino 14 25 21
15617 Berto 25 25 9
29265 Bertolino 30 15 18
13125 Betania 16 23 6
23340 Betia 28 27 20
15072 Betina 22 27 21
3706 Betino 17 6 14
4289 Beto 29 16 5
21276 Betsabe 25 24 13
12074 Bia 29 6 18
30096 Biana 19 22 10
1761 Bianca 11 14 25
2263 Bianor 14 17 4
30440 Bibiana 27 8 8
20428 Bibili 0 3 28
7946 Bijal 5 9 20
6656 Bina 14 28 23
19391 Bitia 16 14 24
30862 Blandina 2 8 1
28208 Blasia 20 23 12
4747 Boanerges 27 23 22
26983 Boavida 3 1 4
24061 Boris 13 26 19
1516 Branca 8 24 7
27004 Brandao 30 10 25
10079 Bras 18 20 25
1005 Brasia 8 9 14
31695 Braulio 4 28 12
15090 Brazia 16 8 29
23263 Brena 25 5 0
11783 Brenda 25 22 12
31479 Breno 25 14 15
25445 Brian 6 20 19
5391 Briana 16 29 2
29987 Bricia 26 9 4
5087 Brigida 4 2 20
24620 Brigido 26 24 7
4470 Brigite 27 11 4
19449 Briolanjo 7 18 1
15995 Briosa 2 6 5
6466 Brites 14 2 15
26805 Brizida 25 5 26
14073 Bruce 14 25 23
17029 Bruna 12 9 4
30793 Bruno 15 12 2
23413 Brunilde 4 20 20
15223 Bryan 4 25 14
31250 Cassia 26 23 15
28879 Cael 18 11 9
18846 Caetana 8 6 10
18955 Caetano 26 19 27
8808 Caia 2 0 14
24017 Caico 14 8 22
10697 Caio 22 19 6
10296 Caleb 10 18 3
12051 Calila 12 10 6
22653 Calisto 16 30 17
5369 Camelia 27 4 20
7499 Camila 23 22 28
21302 Candice 2 5 1
27708 Candido 8 13 5
14981 Cania 11 25 13
26246 Canto 26 11 10
13600 Carela 13 2 3
20569 Caren 7 17 24
13950 Carin 18 8 12
31 Carina 14 4 20
27770 Carisa 27 21 17
21343 Carisia 28 15 0
17346 Carissa 25 5 20
18585 Carita 21 3 10
10368 Carla 22 6 8
11319 Carlinda 27 4 14
10941 Carlo 2 10 19
30296 Carlos 10 29 24
20845 Carlota 0 16 17
3118 Carmelia 25 7 1
9950 Carmelina 15 13 24
10534 Carmelinda 11 20 8
20921 Carmelita 7 16 25
5742 Carmen 16 18 21
26358 Carmerio 9 26 18
19354 Carmezinda 2 11 12
17514 Carmim 3 22 2
10610 Carmina 2 5 30
225 Carminda 12 2 20
18481 Carminho 4 10 7
9691 Carmo 13 25 3
23741 Carmorinda 27 11 7
18536 Carol 11 29 27
5280 Carole 4 18 7
444 Carolina 17 10 14
1740 Carsta 26 28 27
3430 Cassandra 10 27 6
1897 Cassia 1 26 13
16986 Cassiano 4 8 19
24393 Cassilda 2 9 18
1322 Cassio 22 23 20
11181 Casta 14 21 8
1312 Castelina 20 15 13
4481 Castelino 21 29 24
25373 Castor 17 14 28
1857 Castorina 19 30 14
6238 Catalina 26 15 9
21272 Catarina 20 15 13
25764 Catarino 26 23 9
1796 Caterina 14 12 8
1610 Catia 4 14 4
21243 Catila 2 4 5
21576 Catilina 21 23 15
1391 Cecilia 9 17 3
20805 Cedrico 20 19 28
5271 Celia 20 24 4
18453 Celina 16 7 5
8045 Celinia 21 26 22
17759 Celino 15 27 20
2889 Celio 15 9 11
7999 Celisio 15 22 3
19309 Celsa 28 10 0
796 Celsio 12 8 11
2581 Celso 4 5 24
780 Celto 7 20 13
26294 Ceres 21 16 3
10105 Cesaltina 25 25 24
23450 Cesaria 29 8 20
28397 Cesarina 6 5 14
11515 Cesario 23 13 16
13610 Cesaro 18 14 16
5701 Chantal 12 24 19
1006 Charbel 15 4 19
8998 Cheila 15 2 6
198 Chema 20 19 24
11089 Chloe 22 1 6
5788 Cibele 9 4 12
13413 Cicero 3 21 7
6848 Cid 25 15 8
19574 Cidalia 12 16 0
23854 Cidalina 23 24 28
31976 Cidalio 5 24 16
7621 Cidalisa 3 15 14
6655 Cildo 27 8 16
11284 Cilia 26 4 10
14331 Cilio 30 27 10
2689 Cinara 26 29 30
14897 Cinara 1 28 14
22410 Cinderela 16 19 22
21431 Cinira 30 3 20
5685 Cintia 15 2 24
20124 Cipora 26 5 8
30448 Circe 2 1 9
21962 Ciria 30 22 22
3176 Cirila 28 4 6
7934 Cirilo 17 19 25
29728 Ciro 13 24 5
30937 Cita 10 17 29
9470 Cizina 22 11 22
18152 Clara 0 25 4
11703 Clarina 11 9 26
10644 Clarinda 28 10 28
9041 Clarindo 16 24 17
13202 Clarinha 14 15 12
31252 Clarisse 15 8 13
12712 Claudemira 9 22 21
22225 Claudemiro 29 5 8
31772 Claudia 29 28 1
9368 Claudiana 15 7 28
7675 Claudiano 30 3 30
25984 Claudio 14 2 23
3920 Cleia 13 23 30
32370 Cleide 6 25 15
25161 Clelia 6 22 4
32318 Clelio 25 23 14
611 Clemência 22 29 22
8852 Cleodice 16 14 20
24081 Cleonice 25 24 26
12696 Cleopatra 15 13 23
22138 Clesia 17 28 19
28222 Clesio 6 0 8
19682 Clicia 18 29 10
14188 Clicio 4 17 25
14109 Clidio 2 10 12
16903 Clife 20 17 2
27525 Climenia 18 9 26
6090 Clivia 7 5 13
17007 Cloe 12 20 5
30484 Cloe 19 21 0
12953 Clorinda 17 24 20
19997 Clorindo 4 10 11
16902 Clovis 5 8 11
16610 Colete 0 10 13
27319 Conceicao 13 10 15
5998 Concha 15 28 9
31317 Consolacao 5 23 14
8040 Constanca 20 9 0
27656 Constancia 1 18 5
8972 Constancio 4 23 9
26875 Consulino 29 25 22
4258 Cora 29 27 17
2953 Coralia 1 18 21
10988 Coralio 15 2 24
11119 Cordelia 26 7 26
8469 Corina 7 26 4
24838 Corino 25 12 20
27449 Corita 24 20 23
10367 Corito 19 24 21
28480 Corsino 0 7 18
10416 Cosete 11 17 1
30449 Cosme 27 7 6
29038 Cremilda 20 0 10
4970 Cremilde 11 23 19
30091 Crestila 19 1 7
16798 Crisalia 7 12 2
26095 Crisalida 17 8 29
32367 Crisanta 29 6 6
16454 Crisante 25 20 29
6723 Crispim 9 27 18
23797 Cristela 20 0 7
21840 Cristele 11 22 16
21402 Cristene 30 24 21
26785 Cristiana 3 27 8
26634 Cristiano 8 29 3
9154 Cristofe 24 4 16
8816 Cristoforo 3 16 7
12762 Cristolinda 16 25 9
15979 Cristovao 24 19 29
4283 Cursino 22 29 9
30835 Dacia 4 28 28
4413 Dacio 13 29 12
21308 Dafne 11 2 0
13211 Dagmar 14 13 9
32025 Dagoberto 18 10 5
1976 Daina 4 4 30
32192 Daisi 27 4 14
14443 Dalia 19 24 16
22230 Daliana 5 16 8
25153 Dalida 17 28 26
22058 Dalila 28 30 3
6498 Dalinda 23 12 25
3728 Dalva 21 11 13
24436 Damaris 14 7 28
21680 Damas 8 13 16
4526 Damiao 17 8 26
18258 Damien 7 14 11
22654 Dana 10 13 12
26338 Dania 27 8 18
11633 Daniana 27 4 27
7748 Daniel 24 13 4
28474 Daniela 28 15 1
6921 Danila 5 10 12
18139 Danilo 16 21 18
5016 Dante 19 13 28
25332 Dara 27 13 9
8596 Darcilia 20 24 16
14157 Darcio 12 24 23
14918 Dario 22 23 10
31263 Dario 25 24 3
24755 Darlene 18 15 13
31048 Darnela 3 17 1
20106 Darque 28 19 20
9717 Davi 2 3 3
15759 David 16 7 6
29411 Davide 4 18 16
7534 Davina 11 9 19
16744 Davinia 24 23 11
8474 Debora 7 8 18
15317 Decia 27 1 25
10272 Decimo 21 9 21
12285 Deise 11 17 12
27544 Deivid 7 29 17
21220 Dejalme 8 21 7
21400 Dejanira 23 22 22
24285 Delcio 1 17 10
16733 Dele 21 16 2
18337 Delfim 19 26 9
15227 Delfino 22 12 9
23594 Delia 29 14 1
5336 Deliana 12 6 5
11347 Delio 8 23 26
11328 Delisa 26 16 20
30863 Delmano 24 11 26
4560 Delmar 14 21 8
25649 Delmina 3 3 27
2193 Delmina 17 0 6
10011 Delminda 6 18 29
19950 Delmira 16 20 12
8660 Delmiro 11 17 7
7668 Demelza 9 27 25
3919 Demeter 22 19 11
25212 Demetria 15 16 15
10731 Demetrio 24 8 22
11434 Dener 6 2 25
1397 Denil 20 22 12
21356 Denis 2 5 3
11825 Denisa 24 8 8
9943 Denise 20 8 24
23860 Deodata 28 16 28
26524 Deodete 3 16 17
21660 Deolindo 27 24 28
27364 Deonilde 15 26 18
19042 Deotila 18 24 30
22104 Deotila 9 29 23
16087 Dercio 2 5 6
32034 Derocila 26 28 16
17433 Deusdedito 4 1 19
28193 Dhruva 11 7 26
9715 Dialina 19 0 18
1200 Diamantina 30 20 30
7693 Diamantino 16 27 4
6316 Diana 30 17 9
24154 Didaco 7 5 14
3998 Didia 12 15 4
19484 Didiana 21 17 7
24622 Diego 2 6 5
22532 Dieter 22 10 20
25170 Digna 13 21 10
1063 Digno 24 17 24
22999 Dilan 11 4 16
22059 Dilermando 10 11 7
12833 Diliana 30 12 21
6556 Dilsa 22 17 1
8134 Dimas 12 1 17
2917 Dina 3 17 30
29285 Dina 22 28 11
4922 Dinamene 19 3 17
29930 Dinarda 2 22 28
29245 Dinarta 4 29 8
1613 Dinarte 29 18 25
3192 Dineia 15 22 5
16277 Dinis 1 9 26
28501 Dino 2 14 8
30464 Dinora 4 1 25
1196 Dioclecia 27 12 24
29008 Diocleciana 14 11 6
8025 Diocleciano 17 9 29
23179 Dioclecio 15 25 8
13696 Diogo 2 14 23
10672 Diomar 27 24 24
32227 Dione 9 24 15
28468 Dionilde 8 8 27
4342 Dionisia 18 2 3
19520 Dionisio 14 2 4
29596 Dioniso 11 19 26
266 Dionisodoro 20 13 1
24746 Dirce 28 27 22
12988 Dircea 19 13 24
4005 Dircila 8 5 3
19905 Dirio 6 16 15
27224 Dirque 13 28 10
20352 Disa 1 20 23
28725 Ditza 26 12 9
23229 Diva 18 8 25
15773 Divo 6 25 5
21567 Diza 16 28 26
7811 Djalma 2 11 28
29037 Djalme 26 2 6
3842 Djalmo 13 5 2
12536 Djamila 16 17 16
25062 Dolique 17 6 0
13786 Dolores 20 9 25
17462 Domingas 11 14 27
32550 Domingos 2 10 21
20026 Dominico 14 10 7
2944 Domitila 1 14 18
5531 Domitilia 22 7 28
11576 Domitilo 1 1 27
4487 Donaldo 29 20 18
15452 Donatila 22 5 24
26884 Donato 28 24 25
32320 Donzelia 15 12 17
17629 Donzilia 7 10 0
5702 Donzilio 8 22 8
18878 Dora 23 22 13
12783 Dorabela 30 5 13
17538 Doralice 11 4 26
29313 Doriana 23 5 2
8653 Doriclo 3 19 10
26817 Dorina 18 25 5
21328 Dorinda 13 15 7
23441 Dorindo 22 5 22
6263 Dorine 8 21 9
6261 Dorino 3 27 7
3416 Doris 14 7 4
17740 Dorisa 19 26 7
14855 Dositeu 4 6 25
9408 Drusila 14 25 11
28107 Druso 20 26 20
2868 Duarte 25 16 28
19659 Duartina 9 14 13
28738 Duilio 12 27 18
27675 Dulce 27 2 29
10500 Dulcelina 21 15 11
30559 Dulcidia 7 19 20
31161 Dulcina 23 22 9
29789 Dulcineia 9 7 27
24969 Dulcinio 8 1 9
7213 Dulia 0 4 9
22901 Dunia 11 23 27
16114 Dunio 13 29 15
18355 Durbalino 9 12 6
3637 Durval 9 30 1
13068 Durvalina 7 10 5
19302 Durvalino 28 4 9
24044 Earine 26 12 29
778 Eberardo 12 17 24
28494 Eda 14 19 20
664 Eder 17 16 25
16296 eder 15 9 13
26141 Ederia 8 5 21
21115 Edgar 30 5 14
2366 edi 6 4 25
28990 Edina 26 21 13
17076 Edine 1 14 26
25309 edipo 10 3 0
29174 Edir 22 21 30
11872 Edite 19 5 8
21168 Edith 5 24 1
21766 Edma 29 15 5
19555 Edmero 16 16 14
18077 Edmur 8 6 27
25776 Edna 17 24 9
6947 Edo 27 16 24
24819 Eduarda 27 17 5
17018 Eduardo 14 13 22
31157 Eduartino 13 22 7
8836 Eduina 9 2 2
22212 Eduino 2 18 26
8043 Edvino 23 26 21
240 Egidio 4 13 29
9954 Egil 11 20 30
7865 Eglantina 12 9 16
24218 Eladio 27 18 27
15226 Elana 1 8 14
22342 Elca 25 24 27
5326 Elda 9 24 1
28900 Eleazar 8 29 4
2117 Electra 15 13 22
16933 Eleia 22 14 12
19368 Eleine 6 18 12
9252 Elena 6 25 18
19664 Eleonor 29 1 1
13937 Eleonora 18 6 12
30133 Eleuterio 9 28 2
27429 Elgar 29 28 21
9442 Eli 27 14 16
28210 elia 6 24 2
887 Eliab 0 28 12
1020 Eliana 21 20 13
17825 Eliane 26 11 20
27264 Eliano 4 12 7
25642 Elias 1 13 2
3400 Elicia 18 20 14
8910 Eliete 18 14 22
30223 Eliezer 15 29 18
11650 elin 0 11 27
28024 Elina 21 10 8
19672 Eline 28 27 7
6748 elio 26 16 7
21137 Elioenai 3 22 24
23713 Elisa 11 4 21
10134 Elisabeta 7 14 26
18363 Elisabete 17 2 21
28403 Elisabeth 18 20 20
580 Elisama 9 21 13
3475 Eliseba 24 28 17
15187 Elisete 24 20 30
9404 Eliseu 23 21 29
11123 Elisia 11 26 10
15785 Elisiario 2 14 5
1642 Elma 21 14 13
5807 Elmano 30 24 17
11317 Elmar 5 25 1
18129 Elmer 3 6 26
6883 Elmira 27 1 27
21169 Eloa 14 2 15
28716 Elodia 26 4 6
26169 Elodia 24 5 22
260 Eloi 6 19 21
16509 Eloisa 7 1 14
32373 Elpidio 2 14 5
2967 Elsa 18 20 24
6781 Elsinda 23 3 27
26776 elsio 15 7 4
29904 elson 1 9 28
30654 elton 30 5 0
5798 Eluina 15 10 13
10120 Elva 10 24 0
15873 Elvina 5 9 7
10606 Elvino 19 23 21
31753 Elza 17 17 21
8513 Elzeario 23 17 8
1910 Elzo 5 22 10
3185 Ema 11 23 3
27424 Emanuel 4 27 1
2272 Emanuela 26 4 23
14889 Emaus 10 24 10
7907 Emidia 8 6 16
32352 Emidio 0 1 29
4251 Emilia 24 4 20
31432 Emiliana 15 4 14
210 Emo 16 4 19
27510 Encarnacao 26 28 20
5624 Eneias 22 8 7
29972 Enes 20 28 24
8711 Engelecia 5 19 15
18896 Engracio 17 26 13
24126 enia 29 11 21
30343 Enide 18 7 17
546 Enilda 24 6 8
8799 enio 30 16 2
30505 Enoque 27 8 18
7225 Enrique 6 9 20
14061 Enzo 1 0 18
11419 eola 14 18 16
4066 Eponina 0 29 14
6148 Ercilia 14 25 10
11498 Ercilio 29 0 13
23752 Eric 7 19 23
24110 Erica 12 11 30
20710 erica 13 3 8
22062 Erico 25 16 24
10104 erico 25 12 4
25574 Erik 14 16 1
25256 Erika 11 27 14
15218 Erique 28 4 17
7762 eris 22 13 7
10407 Ermeria 22 2 4
16573 Ermiterio 28 11 20
18961 Ernani 15 22 11
15306 Esau 24 3 15
109 Esmeralda 14 20 21
17483 Esmeraldo 25 9 18
26064 Esmeria 12 18 15
4759 Especiosa 22 5 23
3635 Esperanca 29 13 21
13242 Estanislau 16 0 10
24452 Estefana 13 7 25
5813 Estefania 6 8 20
21091 Estefano 10 15 18
2246 Estela 3 6 1
16842 Estelio 11 10 25
30949 Ester 10 22 3
2319 Estêvao 10 12 25
25674 Estrela 25 2 10
27363 Etel 16 12 13
7153 etel 16 14 24
20780 Etelca 23 25 4
21371 Eteria 4 9 18
13564 Eudora 19 25 28
11230 Eufemia 10 17 19
14065 Eularina 10 2 1
16575 Eulogio 17 8 21
29619 Eunice 26 18 8
13673 Eurica 6 14 21
15744 Eurico 20 6 11
26307 Euridice 27 7 16
27352 Eustacio 6 23 7
20914 Eutalia 9 19 27
11208 Eva 15 4 11
31175 Evaldo 27 21 2
14898 Evandra 15 12 1
8362 Evandro 8 14 19
31549 Evangelino 16 21 28
15360 Evangelista 17 12 10
22770 Evelacio 12 0 22
12890 Evelasio 0 2 9
27539 Evelina 21 18 4
11528 Eveline 15 13 15
10495 Evelio 11 28 12
7433 Evêncio 2 3 29
20045 Everaldo 11 11 9
717 Everardo 7 16 18
31513 evila 6 3 17
17601 Expedito 24 27 18
13398 Ezequiel 12 19 17
4955 Ezequiela 2 27 8
29355 Fabia 11 19 5
16536 Fabiana 23 0 22
16331 Fabiano 5 9 1
20224 Fabiao 27 3 24
21736 Fabio 10 19 12
23242 Fabiola 10 2 25
11202 Fabricia 6 20 29
21683 Fabricio 23 14 13
31558 Falco 2 9 2
1161 Fani 29 15 24
3642 Fania 5 21 19
27495 Fantina 9 24 15
25874 Fara 21 9 17
1195 Farida 4 9 9
32645 Fatima 15 10 22
17337 Faustino 22 20 10
21446 Fausto 28 26 27
23760 Feba 22 23 10
26766 Febe 22 26 24
6515 Fedora 12 26 24
28755 Fedra 7 5 2
15673 Felicia 16 26 12
30563 Feliciana 7 29 29
26114 Felicidade 25 23 12
961 Felicissimo 20 26 10
27358 Felisbela 24 2 19
15600 Felisbina 24 19 26
5931 Felismina 14 10 24
8981 Felix 9 19 16
19386 Feliz 21 26 22
22541 Ferdinando 30 11 22
7673 Fernandina 23 23 13
21111 Fernandino 25 5 26
3434 Fernao 21 16 15
20924 Ferrer 18 19 28
27130 Fiama 23 21 24
25492 Fidelia 15 9 4
6646 Fidelio 26 8 7
3755 Filemon 2 27 4
9387 Filena 29 18 16
4930 Filino 3 3 2
20207 Filinto 16 19 14
31233 Filipa 12 6 29
16688 Filipe 3 23 20
10850 Filipo 22 26 26
10938 Filomena 18 10 15
19799 Filomeno 23 4 9
13384 Filoteu 17 23 5
9739 Fiona 24 10 29
25643 Firmino 17 8 23
6659 Firmo 28 6 29
26753 Flaminia 26 2 20
10981 Flavia 15 17 6
8278 Flavio 24 12 9
30621 Flor 14 23 2
17064 Flora 25 15 1
18386 Florbela 10 12 8
15009 Florenca 29 2 5
31676 Florencia 8 6 20
19076 Florentino 2 16 27
19412 Floria 23 12 11
21278 Floriana 25 27 3
24321 Floripes 28 2 24
19396 Florisa 10 13 14
13099 Florisbela 24 16 21
5912 Florival 16 4 20
29527 Fradique 14 16 13
821 Francilia 25 26 20
28605 Francina 29 6 19
30700 Francisca 2 5 16
20344 Francisco 21 2 6
11320 Franclim 7 20 15
17434 Franco 12 1 22
21428 Franklim 8 9 13
628 Franklin 25 29 22
3458 Franklino 30 23 21
22172 Fred 19 7 29
27630 Frede 21 20 9
3016 Frederica 28 4 10
14271 Frederico 21 19 12
20599 Fredo 17 26 1
13031 Fulvio 11 27 19
16003 Gabi 19 10 17
6359 Gabinia 11 15 11
4239 Gabinio 12 20 13
23231 Gabino 11 21 14
22488 Gabriel 14 14 9
16006 Gabriela 15 11 7
23999 Gaela 27 8 3
32440 Gaele 6 2 4
30348 Gaia 10 13 28
15046 Gail 17 5 15
16958 Gala 15 12 22
19954 Galiana 8 28 9
23282 Galiano 17 15 0
32459 Galileu 26 27 18
24868 Gamaliel 2 3 11
1305 Gaori 13 30 19
23083 Gaorii 3 3 25
29268 Garcia 17 9 3
5425 Gardela 16 24 18
5700 Garibaldo 23 18 17
4859 Gaspar 7 14 16
9781 Gastao 18 9 14
29915 Gavio 14 4 29
17050 Gedeao 26 9 5
29752 Geisa 20 5 17
30458 Genciana 11 10 19
12114 Genesia 10 3 1
28191 Genesio 8 25 19
15659 Gentil 29 29 25
9435 Georgeta 9 7 12
18880 Georgete 5 21 13
30691 Georgia 11 1 3
17650 Georgina 22 18 17
3470 Georgino 21 20 26
16847 Geralda 21 1 6
25210 Geraldina 0 0 3
20771 Geraldino 11 4 6
14432 Geraldo 27 26 20
14701 Gerberta 10 8 22
24747 Gerberto 18 16 19
16306 Gerda 9 16 14
26756 Germana 4 17 9
4044 Germano 12 10 19
6764 Gersao 25 12 17
2069 Gerson 29 12 20
10667 Gerta 26 30 4
2988 Gertrudes 3 2 20
15887 Gervasia 10 12 20
22437 Gervasio 7 24 28
2773 Giana 10 18 25
31452 Giani 30 9 5
12726 Gil 16 27 28
19784 Gilberta 22 3 6
31590 Gilda 25 10 7
27390 Gildasio 5 27 0
6221 Gildo 27 20 9
32380 Gileade 3 21 8
24460 Gilma 22 14 18
9015 Gilmeno 22 4 12
32407 Gina 22 29 6
10520 Ginestal 4 26 12
21768 Gino 13 13 5
3582 Gioconda 15 25 25
6907 Giovana 16 10 4
16856 Giovani 26 11 20
17269 Giraldina 20 24 23
31986 Girel 24 3 0
21345 Gisela 16 29 4
12874 Giselda 29 0 1
32353 Gisete 2 9 24
23511 Gislena 16 1 1
18867 Gislene 8 13 20
19227 Glaucia 14 24 14
3291 Glenda 21 27 24
16607 Glicinia 6 16 11
6006 Gloriosa 18 24 1
24701 Goma 10 17 7
28917 Gomes 26 23 21
18199 Goncala 4 0 16
3971 Goncalo 3 14 26
29046 Gonzaga 29 8 22
1771 Goreti 5 9 3
3541 Graca 5 29 29
30630 Gracia 5 6 22
305 Graciana 3 16 0
1929 Graciano 14 7 20
25545 Graciela 20 17 15
14498 Graciete 25 30 1
5878 Graciliana 24 4 3
22603 Graciliano 21 29 2
26253 Gracinda 14 4 18
20342 Gracio 21 6 7
31322 Graciosa 29 19 4
9923 Gravelina 15 4 16
25567 Gregoria 9 2 28
32691 Gregorio 24 20 19
21307 Greta 7 1 21
30921 Grimanesa 7 30 7
10270 Guadalupe 14 16 6
30927 Gualdim 19 11 1
28316 Gualter 18 21 20
2505 Gueir 4 28 15
26107 Guendolina 4 11 15
7654 Gui 9 21 26
20366 Guida 22 18 29
12688 Guido 12 23 23
23818 Guilherme 25 18 7
716 Guimar 28 11 20
737 Guislena 12 26 23
12483 Guislene 2 7 18
22061 Gumersinda 17 24 25
27755 Gumersindo 22 30 28
6956 Gumesindo 10 8 19
27564 Gusmao 15 21 1
4186 Gustavo 7 20 6
6769 Guterre 28 12 1
9139 Habacuc 14 15 28
8586 Habacuque 16 28 15
27295 Hadassa 7 29 24
22854 Haide 3 22 14
14990 Halia 2 12 15
11819 Hamilton 25 1 13
28515 Haraldo 23 17 27
28737 Harolda 6 17 26
5640 Haroldo 27 11 19
2493 Hazael 21 26 9
9454 Hebe 20 19 9
16411 Heber 30 19 7
31046 Heda 1 9 21
31458 Hedila 13 2 23
18220 Hedviges 15 9 25
9636 Heitor 18 7 24
23593 Helada 2 10 8
12034 Helade 20 25 24
20141 Heladia 2 5 19
29876 Heladio 17 5 7
19060 Helda 21 15 11
11493 Heldemaro 15 18 14
26865 Helder 19 5 15
8037 Heldo 6 19 16
15922 Helena 19 25 10
21889 Helenico 11 23 9
17891 Heleno 3 8 21
23935 Helga 11 9 28
31058 Heli 8 5 18
26384 Helia 7 13 18
24227 Heliana 19 10 22
26676 Helier 16 8 11
8853 Helio 12 28 14
6536 Heliodora 7 12 15
7694 Heliodoro 26 11 28
10666 Helmut 26 18 14
4738 Heloisa 9 2 19
28518 Helvecia 18 6 14
8997 Helvecio 23 22 17
13975 Helvia 29 17 1
1635 Helvio 28 6 24
30220 Hemexi 12 25 20
20885 Hemeteria 5 13 6
10330 Hemeterio 24 16 0
27933 Hemiteria 3 16 23
29713 Hemiterio 5 6 17
3631 Henoch 11 2 20
26320 Henrique 25 14 19
3115 Henriqueta 17 1 22
25041 Heralda 18 13 27
21871 Heraldo 28 17 20
3031 Herberta 17 19 4
10247 Herberto 0 1 21
31666 Herculana 24 21 13
5294 Herculano 18 5 19
10159 Heredio 14 18 19
18168 Herenia 8 18 20
18860 Herenio 8 23 2
9113 Heriberta 14 2 7
9383 Heriberto 7 26 5
5675 Herlander 1 12 28
16392 Herman 5 12 15
29154 Hermana 8 10 20
3573 Hermania 6 17 20
9478 Hermano 18 9 2
23911 Hermenegilda 25 11 7
15670 Hermenegildo 24 10 9
15845 Hermenerica 24 19 27
27321 Hermenerico 21 20 7
27143 Hermes 26 30 7
25454 Herminia 23 28 20
14134 Herminio 6 11 19
18966 Hermiterio 30 6 21
15426 Hernani 3 28 25
9481 Hersilia 20 9 22
11712 Hersilio 6 17 1
1954 Hervê 7 28 18
9815 Higina 10 3 28
27610 Higino 6 8 3
603 Hilaria 15 13 17
26092 Hilario 29 17 28
27134 Hildeberta 12 27 6
13821 Hildeberto 18 7 16
23581 Hildebrando 18 29 4
2517 Hildegarda 21 13 22
9489 Hildegardo 12 24 9
6178 Hilma 26 16 6
6865 Hipolita 28 10 29
16528 Hipolito 23 13 21
16801 Hirondino 9 22 25
13425 Holger 24 27 20
21285 Homero 4 27 21
17937 Honorata 15 4 16
8931 Honorato 18 4 6
17308 Honorina 21 27 15
16963 Honorino 12 20 17
12965 Horacia 22 1 25
9096 Horacio 27 15 6
20985 Hortense 2 27 16
11726 Hortênsia 4 12 24
25988 Hortênsio 26 9 11
6830 Hugo 13 7 16
27774 Huguete 12 6 22
20631 Hulda 29 11 6
20319 Iag 23 18 19
27329 Iago 29 8 0
18074 Ian 7 19 15
2437 Iana 3 24 17
23564 Ianis 12 3 0
30352 Iara 15 22 27
1260 Iasmin 17 19 25
17291 Iasmina 29 14 23
73 Iberico 15 28 24
32559 Iberina 12 3 11
18000 icaro 30 18 5
15331 Ida 8 7 11
30453 Idalete 20 1 19
15441 Idalia 29 17 28
27315 Idalina 20 25 3
32151 Idalio 9 17 22
24192 Idario 16 25 2
21497 Idavide 0 6 23
15398 Idelia 27 19 14
13894 Idelso 12 5 1
19104 Idilia 9 9 25
30034 Idrisse 29 1 5
11824 Igelcemina 14 21 3
18469 Ignez 9 29 8
7749 Igor 3 22 9
6874 Ilca 17 23 18
10089 Ilda 5 16 20
15684 Ildo 2 8 30
16848 Ilidia 17 7 30
14278 Ilidio 9 9 23
2372 Ilsa 11 29 8
19 Ilse 22 7 29
2431 Ilundi 26 16 12
21667 Ima 10 6 6
27181 Indalecio 29 13 19
32036 Indaleta 29 4 0
24377 India 6 11 1
13780 Indira 23 24 5
4658 Indro 18 24 6
2616 Inês 28 27 22
12724 Infante 18 16 13
10184 Inga 21 25 25
28259 Ingeburga 22 21 12
5314 Ingo 12 1 25
5382 Ingrid 8 4 22
21575 Ingride 1 7 18
18378 Ingue 14 7 5
17692 Inocência 19 5 16
17031 Inocêncio 8 7 14
13141 Inoi 16 8 11
2608 Io 7 29 3
7295 Iolanda 9 10 8
10462 Ionara 20 9 10
25099 Ione 27 12 11
25364 Ioque 26 9 4
17405 Iracema 6 23 10
30757 Irais 12 11 8
3634 Ireneia 27 4 25
20208 Iria 8 19 10
29880 Iriana 29 11 26
14664 Irina 19 11 8
16400 Irineu 5 2 23
3006 iris 25 26 18
12370 Irisalva 20 14 1
29870 Irma 16 2 21
30338 Irmino 8 27 0
5307 Isa 1 8 21
23972 Isaac 7 18 26
11292 Isabel 11 20 13
18763 Isabela 19 6 19
2923 Isabelina 30 29 18
7603 Isac 6 20 7
11222 Isadora 23 16 24
1452 Isael 27 26 9
12765 Isai 14 17 28
27871 Isalda 5 1 9
30471 Isalia 24 14 16
31029 Isalina 14 24 10
23088 Isandro 3 22 7
25694 Isaque 26 17 16
21346 Isaura 19 0 3
24282 Isaurinda 3 22 4
28502 Isauro 27 13 3
12265 Isidoro 1 20 9
14346 Isidro 1 23 24
8777 Isilda 30 24 15
31512 Isildo 21 1 26
2997 Isis 11 23 29
9135 Ismael 15 17 10
28027 Ismalia 23 2 7
19802 Isolda 1 8 16
24229 Isolete 22 4 11
7674 Isolina 21 17 26
13449 Isolino 14 16 8
10401 Israel 17 2 25
17598 Italo 10 30 17
26668 Iuri 5 8 22
13250 Iva 12 9 10
6098 Ivan 28 9 0
7643 Ivana 7 1 6
8450 Ivania 11 16 15
5114 Ivanoel 10 8 1
20797 Ivanoela 3 12 17
29858 Iven 15 28 8
24539 Ivete 25 28 21
10532 Ivo 27 4 26
19161 Ivone 22 18 1
20918 Izalino 11 11 10
2844 Jabes 9 22 13
32548 Jabim 21 16 2
25553 Jacira 26 8 2
20270 Jaco 28 15 2
28116 Jacob 2 26 27
18240 Jacobina 14 22 29
71 Jacome 4 6 12
20636 Jacqueline 8 5 9
1427 Jader 27 11 17
27705 Jadir 6 26 24
341 Jael 4 21 24
6594 Jaime 16 19 26
28781 Jair 9 4 24
22283 Jairo 11 2 0
17408 Jalmira 24 26 28
14502 James 25 13 1
3672 Jamila 20 15 1
32707 Jamilia 13 14 21
24675 Jamim 19 15 16
11796 Janai 6 8 16
498 Janaina 19 7 15
20025 Janardo 20 27 2
21938 Jandira 18 27 7
28296 Janete 10 18 4
31152 Jani 11 11 30
27885 Jania 5 18 2
21516 Janice 24 20 2
8026 Janina 15 27 20
12768 Janine 11 3 10
31150 Janique 23 16 4
19983 Jansenio 7 13 19
4028 Januario 25 19 22
1974 Jaque 24 17 24
15477 Jaquelina 25 7 8
3363 Jaqueline 11 3 13
16265 Jaques 11 0 12
10103 Jarbas 26 2 18
27903 Jardel 14 10 23
9872 Jasao 17 23 28
1664 Jasmim 21 10 4
21702 Jasmina 29 19 8
27300 Jeanete 16 30 11
1584 Jeni 19 19 30
16010 Jenifer 17 16 10
19759 Jeronimo 28 7 27
12306 Jerusa 26 22 7
31013 Jesse 5 27 7
11820 Jessica 5 26 30
28165 Jesualdo 7 18 29
8860 Jesus 23 20 19
13729 Jetro 6 27 15
673 Jezabel 29 13 11
38 Jil 21 9 23
13814 Jitendra 5 19 24
13726 Jo 26 9 1
3788 Joab 27 19 2
2172 Joabe 29 1 10
8881 Joana 17 30 24
14707 Joaninha 17 6 19
4985 Joao 5 18 29
4263 Joas 15 10 5
22694 Job 16 22 19
23782 Jocelina 5 1 9
1817 Jocelino 15 2 3
5378 Jociano 16 28 26
22914 Joel 6 3 18
14715 Joela 19 10 9
30997 Joele 1 16 5
9193 Joelma 10 7 10
3572 Jofre 16 16 2
23022 Joice 10 23 20
15005 Jonas 18 16 7
25067 Jonata 11 28 23
2655 Jonatas 4 4 9
1692 Joni 27 13 13
32519 Joraci 19 8 2
9367 Jordana 20 18 1
17637 Jordano 20 1 6
14511 Jordao 22 2 8
2079 Jorge 25 10 2
24208 Jorgina 15 3 10
32106 Jorio 5 5 1
10506 Jorja 11 11 3
404 Josabete 25 1 2
18916 Josafat 5 21 27
27959 Josana 10 19 9
3226 Joscelina 29 5 18
20525 Joscelino 24 2 11
24737 Jose 7 12 29
30635 Josefa 30 14 22
2954 Josefa 2 6 27
28265 Josefina 13 26 18
11780 Josefo 12 18 21
11131 Joselene 12 1 12
24434 Joselia 3 27 7
23273 Joselina 13 14 4
3361 Joselindo 18 2 5
2188 Joselino 30 3 28
8261 Josete 7 30 1
15006 Josiana 11 26 26
2230 Josiane 8 18 16
16887 Josias 9 1 24
31430 Josina 6 10 13
29971 Josselina 1 14 10
24749 Josselino 13 3 23
29772 Josuana 7 17 11
17494 Josue 26 10 17
18677 Jovelina 16 14 27
23700 Jovelino 27 17 25
32308 Jovito 29 2 7
2514 Juda 18 2 13
8781 Judas 4 9 25
19541 Juliana 28 16 5
4097 Juliano 18 17 23
27425 Juliao 27 7 26
25863 Julinda 13 27 15
7286 Julio 18 25 17
29173 Julita 2 13 26
31875 Juna 28 29 30
31716 Junia 19 17 24
24079 Junio 3 7 11
15176 Juno 21 24 15
21532 Juraci 12 14 8
1300 Jussara 3 7 15
6400 Juvenal 6 29 2
23861 Juventino 7 4 2
29531 Karen 7 15 19
8329 Karina 21 29 19
16973 Katarina 23 19 2
14468 Katia 16 18 18
32006 Katie 17 14 16
19704 Kelly 19 17 26
3050 Kevim 30 27 19
27949 Kyara 19 11 8
12236 Lael 18 7 3
12971 Laercio 27 13 2
4107 Laertes 17 8 19
13156 Laila 10 13 21
3739 Laira 29 19 8
1571 Lais 13 16 13
14647 Lana 18 12 11
29539 Lara 22 26 2
10583 Larissa 20 9 2
32257 Laura 6 12 4
28830 Laureana 2 16 20
2665 Laureano 8 2 7
24018 Laurenio 26 7 7
24615 Laurentino 17 4 0
1708 Lauriano 14 3 22
24835 Laurina 13 27 17
9465 Laurinda 23 1 17
27162 Laurine 20 25 22
2526 Lauro 20 15 25
13962 Lavinia 5 3 12
16459 Lazaro 13 15 4
6314 Lea 15 18 6
32725 Leal 11 3 22
17901 Leandra 14 29 20
23440 Leandro 10 20 2
4822 Leanor 23 14 12
13481 Leccio 12 26 15
10160 Lecio 21 8 23
30407 Leena 14 25 4
15338 Leila 22 10 15
5247 Lelia 28 28 2
5429 Lemuel 16 7 24
11360 Lenia 27 29 12
12522 Lenio 7 15 7
17246 Lenira 26 17 2
28987 Leo 2 30 2
10155 Leoberto 14 23 28
13619 Leocadia 1 9 6
26430 Leolina 24 2 29
14756 Leomenia 5 1 10
24465 Leonardina 5 24 29
21088 Leonardo 5 12 10
22626 Leôncio 21 12 2
18043 Leone 6 16 18
27010 Leonel 9 27 17
12139 Leonete 23 12 27
11240 Leonia 15 18 6
31285 Leonicio 27 3 24
30894 Leonida 2 10 10
19615 Leonidia 13 4 29
18231 Leonidio 17 7 25
23928 Leonila 17 11 21
17799 Leonilda 25 8 6
5656 Leonilde 4 6 0
11929 Leonilia 9 19 6
6439 Leonisa 0 24 16
1337 Leonor 29 6 3
9728 Leonora 23 27 26
7210 Leontina 23 22 27
23007 Leta 4 16 10
787 Leticia 10 29 14
22444 Letizia 5 17 0
17332 Levi 15 7 9
29393 Levina 24 26 15
14802 Lhuzie 19 26 8
7670 Lia 21 9 20
25473 Liana 19 10 27
9390 Liane 22 25 17
13486 Lianor 26 15 8
12104 Liara 19 2 28
4125 Liberal 5 23 2
19041 Liberalina 17 13 19
22841 Liberdade 5 8 28
14326 Liberia 27 10 15
27998 Libertaria 2 11 29
15869 Libertario 10 24 8
2187 Liberto 17 1 16
1745 Libia 14 22 27
30882 Lici 24 26 6
2548 Licia 16 9 25
23452 Licidas 7 20 4
26617 Licinia 21 7 13
18520 Liciniano 4 19 26
14987 Licinio 20 2 21
32497 Licio 19 29 15
8690 Lidia 7 18 18
25794 Lidiana 5 12 2
25482 Lidio 5 1 7
29051 Lidorio 4 26 1
18682 Liduina 6 18 25
7672 Liete 29 25 0
11832 Ligia 0 15 17
10940 Ligio 29 0 4
23706 Lila 1 28 18
817 Lila 29 12 19
902 Lilia 9 22 22
27691 Lilian 16 5 9
25468 Liliana 26 24 27
24382 Liliane 27 27 23
9867 Liliano 6 23 3
16858 Liliete 20 23 8
31100 Lilite 28 12 27
24151 Lina 29 21 3
21296 Linda 3 17 24
30294 Lindorfo 5 18 3
1025 Lindoro 22 10 23
16666 Lineia 1 21 20
13613 Linete 2 5 23
32206 Lineu 15 0 28
142 Lino 25 17 5
16593 Linton 30 16 1
19252 Lira 0 17 25
7288 Lis 16 21 14
2292 Lisa 26 28 3
2667 Lisana 27 28 3
11659 Lisandra 25 27 3
27119 Lisandro 26 18 5
22048 Lisdalia 22 28 29
9572 Liseta 4 4 9
21568 Lisete 15 10 18
8121 Lisuarte 5 1 26
20268 Lito 25 16 7
28273 Livia 28 22 22
4660 Liz 5 5 12
17129 Lizelia 27 13 9
15037 Lizi 12 3 20
23447 Lizie 11 9 12
11642 Loela 8 23 4
29226 Loide 26 16 29
11776 Lolia 22 23 16
29187 Lopo 13 19 15
16345 Loredana 21 27 10
18279 Lorena 28 2 6
24957 Lorenzo 5 5 26
13612 Loreta 7 12 8
30648 Lorina 19 22 16
13694 Lorine 24 27 17
17992 Lorival 26 1 29
27466 Lourenca 12 4 8
4820 Lourenco 3 13 8
17009 Lourival 2 23 9
17177 Lua 11 16 17
19475 Luamar 25 23 11
9218 Luana 6 5 7
18575 Lubelia 24 20 20
1802 Luca 20 19 8
29608 Lucas 1 0 29
28753 Lucelia 24 22 15
17083 Lucelinda 28 30 13
634 Lucena 15 4 17
11702 Lucete 25 11 18
32329 Lucia 4 6 24
8365 Lucialina 23 21 26
7256 Luciana 28 5 5
25413 Lucileine 25 30 3
31073 Lucilia 8 1 9
27727 Lucilina 6 1 18
20976 Lucilio 16 24 11
2878 Lucina 12 26 28
28787 Lucinio 14 17 2
24167 Lucio 30 23 30
2308 Luciola 18 16 20
1067 Ludgero 28 18 19
22636 Ludmila 15 6 4
9847 Ludovico 13 15 1
18463 Ludovino 23 2 17
15167 Luela 22 2 1
10056 Luena 13 10 21
27105 Luis 2 19 6
18726 Luisa 3 27 8
17558 Luisete 24 20 29
6974 Luizete 20 21 5
15951 Lumena 1 21 24
6704 Luna 17 24 1
18621 Lurdes 22 20 9
567 Lurdite 3 16 29
9042 Lusa 6 10 8
27509 Lussinga 24 28 4
5509 Lutero 4 7 18
16202 Lutgarda 26 15 19
4688 Luz 28 22 26
4020 Luzia 0 8 27
25477 Luzinira 11 25 2
14711 Luzio 5 16 23
7405 Melanie 16 27 26
21334 Melinda 3 11 14
7083 Madalena 1 28 2
5678 Mafalda 28 28 3
10641 Magali 29 18 6
11854 Magda 11 3 23
19545 Mamede 19 11 12
29352 Manel 2 8 25
11990 Manuel 6 8 4
7081 Manuela 1 7 22
9484 Mara 14 0 4
15745 Marcia 5 27 25
10679 Marcilene 30 14 16
2564 Marcio 13 17 29
26945 Marco 29 9 2
15953 Marcos 22 30 28
19772 Marcela 17 30 11
728 Marcelo 16 29 2
21722 Margarida 21 20 29
30848 Maria 0 22 19
10747 Mariana 23 10 13
17394 Mariano 28 16 18
8132 Marilda 0 8 10
12380 Marilia 25 22 7
28383 Marina 23 23 1
3364 Mario 30 2 5
25815 Marisa 7 7 11
18024 Marlene 28 6 26
10024 Marli 19 19 13
30267 Marta 3 22 19
28669 Martim 8 25 12
23799 Martinho 23 1 25
6579 Mateus 24 6 23
24880 Matias 3 14 4
14231 Matilde 14 11 3
31738 Mauricio 7 10 20
11644 Maura 28 2 11
23715 Mauro 10 23 3
1308 Maxima 26 12 19
10007 Maximo 8 20 19
30561 Maximiliano 26 17 27
2692 Maximino 6 2 18
4355 Mecia 23 9 15
6651 Melissa 1 29 17
21801 Melquisedeque 19 28 29
24340 Mem 17 11 16
5604 Mercedes 11 19 10
7920 Merrelho 6 17 29
14788 Miguel 24 25 30
19468 Miguelina 4 29 27
7898 Milena 15 2 22
13234 Mileide 0 27 20
3796 Milu 6 17 22
11291 Micael 15 6 13
5419 Micaela 25 7 12
28798 Michele 4 21 7
20333 Minervina 22 18 26
662 Miriam 21 18 28
20779 Moises 1 29 28
25965 Monica 15 17 3
16409 Morgana 29 3 2
25452 Murilo 3 5 5
12893 Miru 22 3 16
25088 Nadia 19 4 2
26656 Napoleao 18 20 0
5976 Natacha 15 19 3
732 Natalia 17 11 18
12294 Natalina 13 5 2
20570 Natercia 2 12 20
10745 Natividade 9 24 17
25208 Nazare 17 12 2
18772 Nelson 19 23 7
615 Nestor 28 9 11
29222 Neusa 29 19 4
26164 Neuza 3 27 22
13408 Nelia 20 6 13
26131 Nicanor 18 14 1
10284 Nicolas 14 3 20
29367 Nicolau 11 4 26
23873 Nidia 14 2 4
2326 Nilza 20 2 24
9581 Nivaldo 29 19 8
2641 Noa 3 12 1
8603 Noah 24 19 16
28368 Noe 18 26 28
24360 Noel 27 23 23
4776 Noemia 3 29 12
1348 Norberto 9 23 22
30222 Normando 2 28 14
14853 Nuno 15 22 13
6800 Octavio 23 8 28
25932 Octavia 8 22 17
10989 Odete 7 21 24
26553 Odilia 10 23 21
19131 Ofelia 14 22 4
20020 Olavo 22 10 21
5186 Olivia 15 15 12
3803 Olivio 11 23 4
15927 Oliveira 27 17 19
28728 Olga 29 29 15
9459 Omar 19 5 2
17464 Ondina 4 27 16
17593 Ordonho 19 23 9
9275 Orestes 11 9 26
11989 Oriana 30 19 0
28440 Otilia 9 14 6
15311 oscar 21 4 26
25621 Osvaldo 16 16 7
23341 Ovidio 6 29 10
5276 Palo 21 13 10
222 Palmira 2 18 24
21591 Palmiro 6 3 17
11098 Pandora 1 6 24
9081 Parcidio 27 5 3
12120 Parias 25 1 6
11259 Pascoal 4 8 19
7808 Poliana 12 7 2
29206 Patricia 4 11 22
2196 Patricio 17 4 18
6471 Paulina 28 30 24
4824 Paulino 8 15 5
27284 Paula 30 12 22
32709 Paulo 10 7 23
28149 Paulino 6 11 26
20811 Pedro 20 12 13
14348 Petra 29 28 6
16941 Penelope 19 15 9
22160 Pepio 2 18 10
30528 Piedade 11 0 13
22807 Placido 5 18 11
3982 Plinio 7 23 19
8481 Polibio 2 20 28
12978 Polibe 27 16 9
15252 Porfirio 24 25 7
30434 Priao 11 29 28
1157 Priscila 25 9 28
17829 Quaiela 23 24 9
19275 Quar 19 9 2
11828 Queli 12 0 23
32026 Quelia 11 3 4
28667 Querubim 3 10 14
25933 Quessia 10 9 13
5477 Quevin 16 1 18
10017 Quiliano 14 5 4
21844 Quim 19 13 18
1083 Quintino 15 23 4
24564 Quirilo 24 20 3
23361 Quirina 3 21 13
25583 Quirino 14 14 8
21664 Quirio 18 28 28
17039 Quiteria 6 30 15
22573 Quiterio 18 28 13
23230 Rafael 2 14 9
9148 Rafaelo 17 27 14
17886 Rafaela 25 12 23
23195 Ramao 15 18 5
5036 Ramiro 13 17 1
2192 Raimundo 4 25 21
30674 Raquel 1 9 18
30127 Raul 23 20 12
14555 Rebeca 24 18 27
6652 Regina 9 20 14
5082 Reginaldo 3 9 27
14064 Reinaldo 11 10 15
8778 Reinamor 25 6 28
3678 Remo 25 3 21
31725 Renan 20 9 21
10572 Renata 29 11 0
23740 Renato 28 16 16
30390 Ricardina 3 30 12
5915 Ricardo 19 1 19
2397 Rita 14 21 16
7413 Roberta 2 27 6
13576 Roberto 27 26 17
32361 Rodolfo 15 4 26
3818 Rodrigo 23 29 0
29484 Rogerio 2 13 4
12802 Romao 8 26 23
27611 Romano 20 26 1
28593 Romulo 4 11 4
21182 Ronaldo 19 19 10
5599 Roque 12 26 27
8146 Roquita 23 1 18
32611 Rosa 20 2 0
16928 Rosalia 11 11 9
12440 Rosalina 9 4 6
4337 Rosalinda 10 1 8
15624 Rosana 28 23 1
30778 Rossana 14 10 25
25387 Rosario 13 25 23
19472 Rosaura 14 5 22
5270 Roseli 28 20 25
29140 Ruben 7 26 23
13401 Rubim 26 23 4
8700 Rudi 1 7 12
11700 Rufus 10 11 1
28692 Rui 23 11 0
3592 Russel 10 8 0
996 Rute 19 10 5
30298 Ruca 14 3 5
6472 Sabina 0 14 15
7742 Sabino 18 14 13
28680 Sabrina 18 1 18
13124 Sacramento 19 19 8
29460 Sadi 10 2 18
23918 Sadraque 15 5 18
4655 Sadrudine 21 21 4
29799 Safia 27 17 2
7885 Safira 2 0 1
1352 Salazar 3 9 5
28735 Salemo 19 11 16
9681 Sales 23 4 25
27818 Salete 30 2 9
16548 Sali 4 14 6
28053 Salima 11 11 2
17623 Salma 20 25 28
23233 Salomao 11 16 7
25631 Salome 26 25 19
19492 Salomite 9 14 6
5988 Saluquia 4 0 7
15526 Salustiano 20 0 22
17676 Salustiniano 6 5 5
23497 Salvacao 26 11 25
32375 Salvador 23 22 3
15788 Salviano 13 5 29
13955 Salvina 0 8 20
25606 Samanta 4 19 9
8472 Samara 8 9 26
11260 Samaritana 26 10 1
3143 Samaritano 18 5 23
17296 Samir 10 12 27
22316 Samira 9 27 19
27165 Samuel 13 27 22
6505 Sancha 27 12 14
7897 Sancho 28 20 23
12673 Sancia 15 8 0
14801 Sancler 19 28 6
9340 Sandra 22 19 3
19540 Sandrina 1 6 5
1330 Sandrino 17 3 28
20890 Sandro 1 17 25
11976 Sansao 13 8 4
6586 Santa 14 2 20
13409 Santana 1 5 1
26920 Santelmo 2 1 4
14095 Santiago 28 20 6
22869 Santos 16 23 19
7299 Sara 11 24 26
11050 Sarah 11 8 26
13330 Sarai 5 27 15
624 Sarina 4 18 23
1286 Sario 11 0 8
31076 Sasquia 10 10 29
13836 Sassia 24 16 30
24887 Satia 15 19 3
14082 Satira 14 13 10
17192 Satiro 4 24 8
31700 Saul 27 4 6
26980 Saula 20 29 23
3372 Saulina 25 25 11
735 Saulo 20 10 5
19283 Sauro 30 18 5
20285 Savio 29 9 27
24026 Sebastiana 8 3 28
3169 Sebastiao 19 16 16
13669 Secundino 22 25 1
4480 Sefora 15 23 13
22762 Segismundo 25 28 4
3049 Selena 6 10 29
16875 Selene 4 12 8
13014 Selenia 0 5 27
26480 Selesa 5 10 27
13063 Selesia 16 17 23
21955 Selesio 15 17 27
22520 Seleso 12 5 1
24909 Selma 9 4 29
26600 Selmo 0 12 2
13560 Semiramis 24 25 9
4373 Sena 19 6 15
16643 Senia 13 15 29
31191 Senio 7 4 17
30005 Seomara 24 26 8
21112 Serafim 25 23 4
18887 Serafina 26 17 5
32516 Serena 14 12 8
29824 Serenela 29 15 13
24678 Sergio 25 27 12
21464 Sesinando 2 27 13
16260 Sesira 7 15 18
10276 Severiano 25 16 13
12869 Severino 12 27 0
13072 Sextina 14 17 1
22511 Sheila 29 23 12
4356 Sibila 29 20 29
27576 Siddartha 23 14 16
19253 Sidnei 17 7 27
6558 Sidonio 27 18 10
29878 Sidraque 15 6 9
10657 Siena 5 6 26
11449 Sifredo 10 26 23
8342 Silas 9 4 12
11632 Silvana 17 19 26
26882 Silvandira 2 13 13
13781 Silvano 2 18 14
25526 Silverio 5 22 13
9274 Silvestre 28 9 14
11943 Silvia 24 1 21
27687 Silviana 21 25 3
6977 Silviano 29 11 22
7505 Silvio 30 20 4
22139 Simao 30 27 15
25757 Simara 5 8 8
26180 Simaura 29 30 18
4701 Simauro 16 25 7
7002 Simeao 2 24 29
14139 Simone 9 20 2
25343 Simoneta 27 16 5
13742 Simplicio 25 12 19
32546 Sindulfo 0 25 9
21489 Sinesio 19 18 4
8435 Sira 24 23 6
31440 Siria 7 30 29
255 Sirla 2 24 9
28621 Sisenando 8 26 7
10566 Sisinio 3 15 20
3424 Sisnando 15 26 0
2284 Sivio 13 10 2
21102 Socorro 11 6 9
26218 Socrates 27 15 7
10783 Soeiro 13 1 21
11382 Sofia 9 25 21
6076 Sol 1 8 26
12026 Solana 7 20 17
3653 Solange 7 24 17
14806 Solano 1 20 16
30692 Soledade 21 20 26
28952 Solene 0 7 13
30540 Solôngia 18 14 12
29133 Sonia 12 28 18
15292 Soraia 7 7 9
27023 Sotero 20 6 3
5553 Stela 10 8 11
29517 Stelina 3 23 7
11488 Suati 16 10 19
24485 Sueli 5 18 23
25802 Sulamita 27 6 13
2347 Sunamita 20 3 19
7176 Suraje 25 9 8
20769 Surendralal 23 7 14
24500 Suri 24 27 9
1429 Suria 19 28 25
19862 Susana 21 1 22
32083 Susano 21 18 4
30926 Suse 10 1 2
16506 Susete 16 13 16
27790 Susi 26 16 22
2748 Tabita 2 25 25
1507 Taciana 15 19 22
7307 Taciano 13 8 27
25767 Tacio 27 27 5
15044 Tadeu 19 23 6
29962 Tais 29 17 26
30869 Taisa 18 27 14
24146 Taissa 25 11 6
1456 Talia 14 10 22
18634 Talio 16 19 27
19214 Talita 5 3 24
15351 Tamar 19 11 25
13006 Tamara 29 6 16
8066 Tamar 16 24 6
7150 Tamiris 14 22 16
31874 Tanagra 24 20 25
16626 Tania 3 27 6
18952 Tarcisio 26 25 22
20672 Tarina 0 16 26
10014 Tarsicio 15 0 14
13094 Tasia 20 3 14
13713 Tasso 17 15 28
32504 Tatiana 14 29 19
9280 Tatiano 10 25 24
5534 Tejala 18 28 12
11473 Teliano 27 29 10
14471 Telma 20 11 11
10216 Telmo 28 10 22
20202 Telo 3 23 6
13411 Teodemiro 15 6 15
1709 Teodomiro 3 29 4
4463 Teodora 16 28 4
1806 Teodoro 21 11 28
25301 Teofilo 4 10 19
280 Tercio 23 21 13
29049 Teresa 12 21 21
24329 Teresca 27 24 16
14773 Teresina 9 18 20
7856 Teresinha 2 3 23
31045 Terezinha 7 17 19
25497 Teseu 2 1 15
24341 Tiago 29 23 15
808 Tiana 0 20 3
16780 Tiara 3 18 27
31732 Tiberio 0 7 13
19376 Tiburcio 6 21 13
146 Ticiana 0 22 1
21213 Ticiano 19 10 15
12701 Tierri 16 1 29
23335 Timoteo 7 25 8
31002 Tirsa 6 23 22
19388 Tirso 3 15 4
6610 Tirza 11 21 23
15182 Tita 0 24 23
23186 Titania 18 10 16
15565 Tito 14 27 5
13436 Tobias 9 17 28
5882 Toledo 22 9 6
25804 Tomas 25 8 1
26017 Tome 8 27 18
1460 Toni 15 11 18
22897 Torcato 13 5 14
12103 Torpecia 10 28 18
13264 Torquato 25 20 22
26759 Traciana 29 29 12
17951 Trajano 19 6 18
12814 Trasila 5 25 13
32502 Trindade 4 15 4
14475 Tristao 17 18 10
21982 Tude 10 1 16
1764 Tulio 8 17 4
25409 Tulipa 17 19 2
20359 Turgo 5 15 9
13377 Takeo 20 2 20
32358 Ubaldino 2 15 14
3760 Ubaldo 1 2 15
19092 Udo 9 25 2
26061 Uldarico 2 18 2
10212 Uldrico 27 21 10
25870 Ulisses 25 19 10
10030 ulpia 12 19 30
29380 Ulpiana 5 29 23
27 Ulpiano 13 5 19
20286 ulpio 12 14 26
32656 ulfilas 22 25 15
19418 Ulfrida 12 15 11
27628 Ulfrido 29 23 27
26322 Ulrica 27 5 7
26367 Ulrico 29 21 5
19785 Umbelina 10 27 20
31145 Umbelino 9 5 8
23490 Urania 27 13 5
27461 Uranio 6 1 8
18753 Urbalina 4 7 9
6291 Urbalino 16 20 0
32507 Urbanila 27 26 7
24093 Urbina 12 10 20
7004 Urbino 6 1 29
24219 Urbiria 2 27 8
17172 Urias 28 14 19
32658 Uriel 18 27 29
2918 Urien 11 10 15
32690 Urraca 20 21 9
13018 Ursa 24 1 18
19801 Ursacio 10 15 16
14775 Ursanio 21 10 4
6523 Ursiao 6 10 17
16965 Ursicia 29 29 4
2965 Ursicio 21 23 8
20684 Ursiciana 5 10 16
6432 Ursicino 13 19 24
17900 Urso 19 12 22
1311 ursula 28 17 15
12791 Ursulina 16 29 27
31371 Ursulino 19 18 29
18470 ursulo 20 5 14
27453 Uziel 28 25 9
6255 Valdemar 5 22 28
24296 Valentim 12 3 15
11519 Valentina 9 5 26
31523 Valeria 21 9 6
20655 Valerio 27 13 3
5272 Valmor 15 16 4
23246 Valter 24 8 17
12745 Vanda 10 25 14
31536 Vanessa 16 24 11
15782 Vania 12 8 23
15665 Vasco 27 18 14
16637 Vera 20 3 21
26821 Veridiano 25 20 28
4495 Verissimo 3 10 25
13194 Veronica 8 20 1
1302 Verter 23 9 29
16936 Vestina 6 20 27
17092 Vianei 1 12 19
18923 Vicência 13 12 0
18482 Vicenta 28 6 29
17943 Vicente 8 22 12
1639 Victor 17 25 12
27374 Victoria 11 28 15
2683 Vida 1 15 17
18731 Vidal 15 6 29
278 Vidalio 25 18 26
2578 Vidaul 8 6 14
30421 Vilar 1 12 26
2968 Vilator 7 26 12
9627 Vili 20 13 1
21083 Vilma 10 28 9
4273 Vilmar 20 11 10
10524 Vilson 0 21 14
31606 Vinicia 22 18 15
649 Vinicio 12 3 21
21339 Violante 1 12 11
28217 Violeta 12 28 28
30544 Violinda 21 2 8
2534 Virgilio 28 12 22
22470 Virginio 30 7 27
28592 Virgulino 30 7 18
11267 Viriato 27 11 27
4296 Vital 26 28 2
25455 Vitalia 24 15 17
15878 Vitaliano 17 24 0
30284 Vitalio 13 11 5
30280 Vitiza 4 14 12
14619 Vito 20 29 7
12475 Vitor 26 4 16
12351 Vitoria 8 2 9
19068 Vitorio 25 21 21
3481 Vivalda 2 28 18
14900 Vivaldo 11 3 7
4153 Vivelinda 8 20 2
411 Viveque 5 4 0
32339 Viviana 19 21 6
21507 Viviane 9 19 15
29719 Vivilde 29 1 18
25185 Vivina 15 24 4
22051 Vladimiro 22 30 4
105 Wilson 0 13 9
27813 Xavier 18 10 3
13237 Xenia 17 1 12
5224 Xenio 24 7 8
7513 Xenocrates 20 17 19
28042 Xenon 26 18 7
17215 Xerxes 27 8 20
17474 Xica 5 20 6
28931 Xico 6 2 3
8856 Ximena 24 28 28
20673 Xisto 2 3 17
32315 Yara 12 10 13
3034 Yasmin 9 20 3
9994 Yolanda 22 15 17
14021 Yuri 3 16 3
7012 Zacarias 24 11 7
19202 Zahra 23 23 4
6374 Zaido 16 8 10
31091 Zaida 8 19 10
6099 Zaira 2 28 28
24715 Zairo 19 10 27
12044 Zamy 1 24 24
19708 Zaqueu 2 24 2
3206 Zara 4 4 13
8391 Zara 14 5 12
20120 Zarco 20 12 12
7131 Zardilaque 26 21 29
11420 Zarina 15 20 7
23211 Ze 1 20 3
4535 Zelia 9 0 24
16987 Zelinda 19 4 1
8901 Zelio 24 23 29
3959 Zena 9 25 24
12474 Zenaida 15 22 29
9049 Zenaide 25 28 23
25336 Zenia 18 28 18
19866 Zera 16 7 30
361 Zila 10 15 17
31307 Zilda 12 24 15
17508 Zilia 24 16 8
13007 Zilma 10 19 6
154 Zita 14 17 15
3713 Ziza 11 22 21
30632 Zoa 20 2 30
22925 Zobaida 17 15 10
6658 Zoe 20 7 7
11179 Zola 15 10 10
11590 Zora 12 17 3
924 Zoraida 14 22 19
85 Zubaida 2 12 11
9229 Zubeida 12 15 27
14181 Zulaia 29 4 13
23885 Zuleica 23 6 27
31095 Zulmira 22 9 7